證券代碼	年月日	股價淨值比-TEJ	市值(百萬元)
2330 台積電	20210104	7.7761	13898684
2330 台積電	20210105	7.8631	14054266
2330 台積電	20210106	7.9647	14235779
2330 台積電	20210107	8.1968	14650665
2330 台積電	20210108	8.4144	15039621
2330 台積電	20210111	8.4725	15143342
2330 台積電	20210112	8.5740	15324855
2330 台積電	20210113	8.7771	15687880
2330 台積電	20210114	8.5885	15350785
2330 台積電	20210115	8.7191	15584159
2330 台積電	20210118	8.8061	15739741
2330 台積電	20210119	9.0963	16258349
2330 台積電	20210120	9.3864	16776956
2330 台積電	20210121	9.7636	17451146
2330 台積電	20210122	9.4155	16828817
2330 台積電	20210125	9.1833	16413931
2330 台積電	20210126	8.9512	15999045
2330 台積電	20210127	8.9222	15947184
2330 台積電	20210128	8.7191	15584159
2330 台積電	20210129	8.5740	15324855
2330 台積電	20210201	8.8642	15843462
2330 台積電	20210202	9.1688	16388000
2330 台積電	20210203	9.1398	16336140
2330 台積電	20210204	9.0963	16258349
2330 台積電	20210205	9.1688	16388000
2330 台積電	20210217	9.6186	17191842
2330 台積電	20210218	9.5750	17114051
2330 台積電	20210219	9.4590	16906608
2330 台積電	20210222	9.4300	16854747
2330 台積電	20210223	9.2994	16621374
2330 台積電	20210224	9.0673	16206488
2330 台積電	20210225	9.2123	16465792
2330 台積電	20210226	8.7916	15713811
2330 台積電	20210302	8.8351	15791602
2330 台積電	20210303	9.0237	16128697
2330 台積電	20210304	8.7191	15584159
2330 台積電	20210305	8.7191	15584159
2330 台積電	20210308	8.6756	15506368
2330 台積電	20210309	8.6320	15428576
2330 台積電	20210310	8.6611	15480437
2330 台積電	20210311	8.8351	15791602
2330 台積電	20210312	8.9077	15921254
2330 台積電	20210315	8.8642	15843462
2330 台積電	20210316	8.8932	15895323
2330 台積電	20210317	8.7626	15661950
2330 台積電	20210318	8.7336	15610089
2330 台積電	20210319	8.5740	15324855
2330 台積電	20210322	8.6030	15376716
2330 台積電	20210323	8.6175	15402646
2330 台積電	20210324	8.3564	14935899
2330 台積電	20210325	8.3419	14909969
2330 台積電	20210326	8.5595	15298924
2330 台積電	20210329	8.6901	15532298
2330 台積電	20210330	8.6611	15480437
2330 台積電	20210331	8.5160	15221133
2330 台積電	20210401	8.7336	15610089
2330 台積電	20210406	8.8497	15817532
2330 台積電	20210407	8.8497	15817532
2330 台積電	20210408	8.8932	15895323
2330 台積電	20210409	8.8497	15817532
2330 台積電	20210412	8.7771	15687880
2330 台積電	20210413	8.7771	15687880
2330 台積電	20210414	8.8787	15869393
2330 台積電	20210415	8.9802	16050906
2330 台積電	20210416	8.8497	15817532
2330 台積電	20210419	8.7481	15636019
2330 台積電	20210420	8.7336	15610089
2330 台積電	20210421	8.5885	15350785
2330 台積電	20210422	8.5740	15324855
2330 台積電	20210423	8.7336	15610089
2330 台積電	20210426	8.8497	15817532
2330 台積電	20210427	8.8497	15817532
2330 台積電	20210428	8.7336	15610089
2330 台積電	20210429	8.7046	15558228
2330 台積電	20210503	8.5305	15247064
2330 台積電	20210504	8.5740	15324855
2330 台積電	20210505	8.4870	15169273
2330 台積電	20210506	8.5160	15221133
2330 台積電	20210507	8.6901	15532298
2330 台積電	20210510	8.5450	15272994
2330 台積電	20210511	8.2839	14806247
2330 台積電	20210512	8.1243	14521013
2330 台積電	20210513	7.9357	14183918
2330 台積電	20210514	8.0808	14443222
2330 台積電	20210517	7.9647	14235779
2330 台積電	20210518	8.2984	14832178
2330 台積電	20210519	8.2258	14702526
2330 台積電	20210520	8.2258	14702526
2330 台積電	20210521	8.3129	14858108
2330 台積電	20210524	8.2403	14728456
2330 台積電	20210525	8.4580	15117412
2330 台積電	20210526	8.4870	15169273
2330 台積電	20210527	8.4434	15091481
2330 台積電	20210528	8.5595	15298924
2330 台積電	20210531	8.6611	15480437
2330 台積電	20210601	7.9974	15506368
2330 台積電	20210602	7.9572	15428576
2330 台積電	20210603	7.9706	15454507
2330 台積電	20210604	7.9572	15428576
2330 台積電	20210607	7.9171	15350785
2330 台積電	20210608	7.8770	15272994
2330 台積電	20210609	7.8369	15195203
2330 台積電	20210610	8.0107	15532298
2330 台積電	20210611	8.0509	15610089
2330 台積電	20210615	8.1445	15791602
2330 台積電	20210616	8.0910	15687880
2330 台積電	20210617	8.1043	15713811
2330 台積電	20210618	8.0642	15636019
2330 台積電	20210621	7.7968	15117412
2330 台積電	20210622	7.7299	14987760
2330 台積電	20210623	7.9572	15428576
2330 台積電	20210624	7.8904	15298924
2330 台積電	20210625	7.9037	15324855
2330 台積電	20210628	7.8904	15298924
2330 台積電	20210629	7.9572	15428576
2330 台積電	20210630	7.9572	15428576
2330 台積電	20210701	7.9305	15376716
2330 台積電	20210702	7.8636	15247064
2330 台積電	20210705	7.9037	15324855
2330 台積電	20210706	7.9171	15350785
2330 台積電	20210707	7.9439	15402646
2330 台積電	20210708	7.8636	15247064
2330 台積電	20210709	7.8101	15143342
2330 台積電	20210712	7.9305	15376716
2330 台積電	20210713	8.1177	15739741
2330 台積電	20210714	8.1980	15895323
2330 台積電	20210715	8.2113	15921254
2330 台積電	20210716	7.8770	15272994
2330 台積電	20210719	7.7834	15091481
2330 台積電	20210720	7.7700	15065551
2330 台積電	20210721	7.8235	15169273
2330 台積電	20210722	7.9037	15324855
2330 台積電	20210723	7.8235	15169273
2330 台積電	20210726	7.7566	15039621
2330 台積電	20210727	7.7566	15039621
2330 台積電	20210728	7.7433	15013690
2330 台積電	20210729	7.7968	15117412
2330 台積電	20210730	7.7566	15039621
2330 台積電	20210802	7.8904	15298924
2330 台積電	20210803	7.9439	15402646
2330 台積電	20210804	7.9706	15454507
2330 台積電	20210805	7.9706	15454507
2330 台積電	20210806	7.9037	15324855
2330 台積電	20210809	7.9572	15428576
2330 台積電	20210810	7.9037	15324855
2330 台積電	20210811	7.8904	15298924
2330 台積電	20210812	7.8369	15195203
2330 台積電	20210813	7.7700	15065551
2330 台積電	20210816	7.8101	15143342
2330 台積電	20210817	7.7566	15039621
2330 台積電	20210818	7.6764	14884038
2330 台積電	20210819	7.4758	14495083
2330 台積電	20210820	7.3822	14313570
2330 台積電	20210823	7.5694	14676595
2330 台積電	20210824	7.6496	14832178
2330 台積電	20210825	7.8235	15169273
2330 台積電	20210826	7.9439	15402646
2330 台積電	20210827	8.0107	15532298
2330 台積電	20210830	8.0910	15687880
2330 台積電	20210831	8.2113	15921254
2330 台積電	20210901	8.1980	15895323
2330 台積電	20210902	8.1177	15739741
2330 台積電	20210903	8.2916	16076836
2330 台積電	20210906	8.4387	16362070
2330 台積電	20210907	8.3317	16154627
2330 台積電	20210908	8.2782	16050906
2330 台積電	20210909	8.2782	16050906
2330 台積電	20210910	8.3183	16128697
2330 台積電	20210913	8.2247	15947184
2330 台積電	20210914	8.1980	15895323
2330 台積電	20210915	8.1177	15739741
2330 台積電	20210916	8.0241	15558228
2330 台積電	20210917	8.0241	15558228
2330 台積電	20210922	7.8369	15195203
2330 台積電	20210923	7.8636	15247064
2330 台積電	20210924	7.9974	15506368
2330 台積電	20210927	8.0509	15610089
2330 台積電	20210928	7.9439	15402646
2330 台積電	20210929	7.7566	15039621
2330 台積電	20210930	7.7566	15039621
2330 台積電	20211001	7.4727	14884038
2330 台積電	20211004	7.4467	14832178
2330 台積電	20211005	7.4467	14832178
2330 台積電	20211006	7.4337	14806247
2330 台積電	20211007	7.5508	15039621
2330 台積電	20211008	7.4857	14909969
2330 台積電	20211012	7.4857	14909969
2330 台積電	20211013	7.4337	14806247
2330 台積電	20211014	7.4597	14858108
2330 台積電	20211015	7.8112	15558228
2330 台積電	20211018	7.6810	15298924
2330 台積電	20211019	7.8112	15558228
2330 台積電	20211020	7.7852	15506368
2330 台積電	20211021	7.7591	15454507
2330 台積電	20211022	7.8112	15558228
2330 台積電	20211025	7.7201	15376716
2330 台積電	20211026	7.7982	15532298
2330 台積電	20211027	7.7982	15532298
2330 台積電	20211028	7.7461	15428576
2330 台積電	20211029	7.6810	15298924
2330 台積電	20211101	7.6810	15298924
2330 台積電	20211102	7.7070	15350785
2330 台積電	20211103	7.7070	15350785
2330 台積電	20211104	7.6420	15221133
2330 台積電	20211105	7.8112	15558228
2330 台積電	20211108	7.8372	15610089
2330 台積電	20211109	7.9544	15843462
2330 台積電	20211110	7.9674	15869393
2330 台積電	20211111	7.8893	15713811
2330 台積電	20211112	7.8633	15661950
2330 台積電	20211115	7.9153	15765671
2330 台積電	20211116	7.9414	15817532
2330 台積電	20211117	7.9414	15817532
2330 台積電	20211118	7.9804	15895323
2330 台積電	20211119	8.0455	16024975
2330 台積電	20211122	8.0065	15947184
2330 台積電	20211123	7.9674	15869393
2330 台積電	20211124	7.8503	15636019
2330 台積電	20211125	7.8503	15636019
2330 台積電	20211126	7.7591	15454507
2330 台積電	20211129	7.7201	15376716
2330 台積電	20211130	7.7591	15454507
2330 台積電	20211201	7.4943	15558228
2330 台積電	20211202	7.6816	15947184
2330 台積電	20211203	7.5942	15765671
2330 台積電	20211206	7.4943	15558228
2330 台積電	20211207	7.5817	15739741
2330 台積電	20211208	7.5192	15610089
2330 台積電	20211209	7.5942	15765671
2330 台積電	20211210	7.5567	15687880
2330 台積電	20211213	7.5067	15584159
2330 台積電	20211214	7.4818	15532298
2330 台積電	20211215	7.4943	15558228
2330 台積電	20211216	7.5567	15687880
2330 台積電	20211217	7.5817	15739741
2330 台積電	20211220	7.4693	15506368
2330 台積電	20211221	7.4568	15480437
2330 台積電	20211222	7.4943	15558228
2330 台積電	20211223	7.5692	15713811
2330 台積電	20211224	7.5442	15661950
2330 台積電	20211227	7.5692	15713811
2330 台積電	20211228	7.6816	15947184
2330 台積電	20211229	7.6941	15973114
2330 台積電	20211230	7.6816	15947184
2330 台積電	20220103	7.8815	16362070
2330 台積電	20220104	8.1937	17010330
2330 台積電	20220105	8.1188	16854747
2330 台積電	20220106	8.0438	16699165
2330 台積電	20220107	7.9189	16439861
2330 台積電	20220110	8.0313	16673235
2330 台積電	20220111	8.1313	16880678
2330 台積電	20220112	8.2437	17114051
2330 台積電	20220113	8.2562	17139981
2330 台積電	20220114	8.3936	17425216
2330 台積電	20220117	8.5310	17710450
2330 台積電	20220118	8.2687	17165912
2330 台積電	20220119	8.1687	16958469
2330 台積電	20220120	8.1313	16880678
2330 台積電	20220121	8.0064	16621374
2330 台積電	20220124	8.1562	16932538
2330 台積電	20220125	8.0064	16621374
2330 台積電	20220126	7.9439	16491722
2330 台積電	20220207	7.9314	16465792
2330 台積電	20220208	7.8440	16284279
2330 台積電	20220209	7.9064	16413931
2330 台積電	20220210	8.1063	16828817
2330 台積電	20220211	8.1188	16854747
2330 台積電	20220214	7.9564	16517652
2330 台積電	20220215	7.9064	16413931
2330 台積電	20220216	8.0688	16751026
2330 台積電	20220217	8.0563	16725095
2330 台積電	20220218	7.9564	16517652
2330 台積電	20220221	7.8940	16388000
2330 台積電	20220222	7.8315	16258349
2330 台積電	20220223	7.8065	16206488
2330 台積電	20220224	7.5442	15661950
2330 台積電	20220225	7.5442	15661950
2330 台積電	20220301	7.5446	15662788
2330 台積電	20220302	7.5071	15584992
2330 台積電	20220303	7.5196	15610924
2330 台積電	20220304	7.4322	15429402
2330 台積電	20220307	7.1949	14936698
2330 台積電	20220308	7.0325	14599585
2330 台積電	20220309	7.0949	14729244
2330 台積電	20220310	7.3323	15221947
2330 台積電	20220311	7.1824	14910766
2330 台積電	20220314	7.1449	14832971
2330 台積電	20220315	6.9700	14469926
2330 台積電	20220316	6.9700	14469926
2330 台積電	20220317	7.2698	15092289
2330 台積電	20220318	7.2573	15066357
2330 台積電	20220321	7.3198	15196016
2330 台積電	20220322	7.2823	15118220
2330 台積電	20220323	7.3697	15299743
2330 台積電	20220324	7.3822	15325675
2330 台積電	20220325	7.4697	15507197
2330 台積電	20220328	7.2948	15144152
2330 台積電	20220329	7.3573	15273811
2330 台積電	20220330	7.4947	15559060
2330 台積電	20220331	7.4572	15481265
2330 台積電	20220401	7.3573	15273811
2330 台積電	20220406	7.2199	14988562
2330 台積電	20220407	7.0700	14677380
2330 台積電	20220408	7.0825	14703312
2330 台積電	20220411	6.9700	14469926
2330 台積電	20220412	6.9575	14443994
2330 台積電	20220413	7.1574	14858903
2330 台積電	20220414	7.1574	14858903
2330 台積電	20220415	7.0200	14573653
2330 台積電	20220418	7.0075	14547722
2330 台積電	20220419	7.0575	14651449
2330 台積電	20220420	7.1199	14781107
2330 台積電	20220421	7.0575	14651449
2330 台積電	20220422	6.9700	14469926
2330 台積電	20220425	6.8326	14184677
2330 台積電	20220426	6.8201	14158745
2330 台積電	20220427	6.5703	13640110
2330 台積電	20220428	6.6328	13769769
2330 台積電	20220429	6.7202	13951291
2330 台積電	20220503	6.6328	13769769
2330 台積電	20220504	6.6702	13847564
2330 台積電	20220505	6.7702	14055018
2330 台積電	20220506	6.5953	13691973
2330 台積電	20220509	6.4954	13484519
2330 台積電	20220510	6.4704	13431937
2330 台積電	20220511	6.5075	13509728
2330 台積電	20220512	6.3077	13094842
2330 台積電	20220513	6.3826	13250424
2330 台積電	20220516	6.4950	13483798
2330 台積電	20220517	6.6199	13743102
2330 台積電	20220518	6.7199	13950545
2330 台積電	20220519	6.5200	13535659
2330 台積電	20220520	6.6199	13743102
2330 台積電	20220523	6.5949	13691241
2330 台積電	20220524	6.4950	13483798
2330 台積電	20220525	6.5450	13587519
2330 台積電	20220526	6.4201	13328216
2330 台積電	20220527	6.6199	13743102
2330 台積電	20220530	6.8323	14183918
2330 台積電	20220531	6.9946	14521013
2330 台積電	20220601	6.1509	14235779
2330 台積電	20220602	6.0500	14002405
2330 台積電	20220606	6.0500	14002405
2330 台積電	20220607	5.9940	13872754
2330 台積電	20220608	6.0949	14106127
2330 台積電	20220609	6.0612	14028336
2330 台積電	20220610	5.9380	13743102
2330 台積電	20220613	5.7812	13380076
2330 台積電	20220614	5.7475	13302285
2330 台積電	20220615	5.7027	13198564
2330 台積電	20220616	5.6915	13172633
2330 台積電	20220617	5.6131	12991121
2330 台積電	20220620	5.5795	12913329
2330 台積電	20220621	5.6579	13094842
2330 台積電	20220622	5.5403	12822573
2330 台積電	20220623	5.4394	12589200
2330 台積電	20220624	5.4506	12615130
2330 台積電	20220627	5.5851	12926295
2330 台積電	20220628	5.5739	12900364
2330 台積電	20220629	5.5011	12731817
2330 台積電	20220630	5.3330	12342861
2330 台積電	20220701	5.0809	11759428
2330 台積電	20220704	4.9297	11409367
2330 台積電	20220705	4.9969	11564950
2330 台積電	20220706	4.8792	11292681
2330 台積電	20220707	5.1257	11863149
2330 台積電	20220708	5.2322	12109488
2330 台積電	20220711	5.1761	11979836
2330 台積電	20220712	5.0361	11655706
2330 台積電	20220713	5.2714	12200244
2330 台積電	20220714	5.3218	12316931
2330 台積電	20220715	5.5179	12770712
2330 台積電	20220718	5.5515	12848504
2330 台積電	20220719	5.5011	12731817
2330 台積電	20220720	5.5459	12835538
2330 台積電	20220721	5.6131	12991121
2330 台積電	20220722	5.6355	13042981
2330 台積電	20220725	5.5963	12952225
2330 台積電	20220726	5.5459	12835538
2330 台積電	20220727	5.6243	13017051
2330 台積電	20220728	5.6131	12991121
2330 台積電	20220729	5.7027	13198564
2330 台積電	20220801	5.6467	13068912
2330 台積電	20220802	5.5123	12757747
2330 台積電	20220803	5.6131	12991121
2330 台積電	20220804	5.6019	12965190
2330 台積電	20220805	5.7812	13380076
2330 台積電	20220808	5.7363	13276355
2330 台積電	20220809	5.7139	13224494
2330 台積電	20220810	5.6019	12965190
2330 台積電	20220811	5.7587	13328216
2330 台積電	20220812	5.7924	13406007
2330 台積電	20220815	5.8596	13561589
2330 台積電	20220816	5.8820	13613450
2330 台積電	20220817	5.9044	13665311
2330 台積電	20220818	5.8260	13483798
2330 台積電	20220819	5.8148	13457867
2330 台積電	20220822	5.7139	13224494
2330 台積電	20220823	5.6467	13068912
2330 台積電	20220824	5.6355	13042981
2330 台積電	20220825	5.6915	13172633
2330 台積電	20220826	5.7363	13276355
2330 台積電	20220829	5.5851	12926295
2330 台積電	20220830	5.5571	12861469
2330 台積電	20220831	5.6579	13094842
2330 台積電	20220901	5.4955	12718852
2330 台積電	20220902	5.4338	12576235
2330 台積電	20220905	5.4450	12602165
2330 台積電	20220906	5.4787	12679956
2330 台積電	20220907	5.2938	12252105
2330 台積電	20220908	5.3218	12316931
2330 台積電	20220912	5.4506	12615130
2330 台積電	20220913	5.5235	12783678
2330 台積電	20220914	5.3778	12446583
2330 台積電	20220915	5.3386	12355826
2330 台積電	20220916	5.2882	12239140
2330 台積電	20220919	5.2322	12109488
2330 台積電	20220920	5.3386	12355826
2330 台積電	20220921	5.2770	12213209
2330 台積電	20220922	5.2042	12044662
2330 台積電	20220923	5.0977	11798323
2330 台積電	20220926	5.0025	11577915
2330 台積電	20220927	5.0193	11616810
2330 台積電	20220928	4.9073	11357507
2330 台積電	20220929	4.8736	11279715
2330 台積電	20220930	4.7280	10942621
2330 台積電	20221003	4.3315	10812969
2330 台積電	20221004	4.4562	11124133
2330 台積電	20221005	4.6224	11539019
2330 台積電	20221006	4.6847	11694602
2330 台積電	20221007	4.5496	11357507
2330 台積電	20221011	4.1705	10411048
2330 台積電	20221012	4.1290	10307326
2330 台積電	20221013	4.1030	10242500
2330 台積電	20221014	4.2796	10683317
2330 台積電	20221017	4.1238	10294361
2330 台積電	20221018	4.2276	10553665
2330 台積電	20221019	4.1082	10255465
2330 台積電	20221020	4.1290	10307326
2330 台積電	20221021	4.0459	10099883
2330 台積電	20221024	4.0199	10035057
2330 台積電	20221025	3.8537	9620171
2330 台積電	20221026	3.9056	9749823
2330 台積電	20221027	4.0043	9996162
2330 台積電	20221028	3.9420	9840579
2330 台積電	20221031	4.0510	10112848
2330 台積電	20221101	4.0666	10151744
2330 台積電	20221102	4.1030	10242500
2330 台積電	20221103	3.9887	9957266
2330 台積電	20221104	3.9680	9905405
2330 台積電	20221107	4.0510	10112848
2330 台積電	20221108	4.1445	10346222
2330 台積電	20221109	4.3315	10812969
2330 台積電	20221110	4.2328	10566630
2330 台積電	20221111	4.5860	11448263
2330 台積電	20221114	4.6224	11539019
2330 台積電	20221115	4.9859	12446583
2330 台積電	20221116	5.0586	12628095
2330 台積電	20221117	5.0378	12576235
2330 台積電	20221118	5.0586	12628095
2330 台積電	20221121	5.0067	12498443
2330 台積電	20221122	5.1002	12731817
2330 台積電	20221123	5.1106	12757747
2330 台積電	20221124	5.1521	12861469
2330 台積電	20221125	5.1729	12913329
2330 台積電	20221128	4.9911	12459548
2330 台積電	20221129	5.0586	12628095
2330 台積電	20221130	5.0898	12705886
2330 台積電	20221201	4.7211	12926295
2330 台積電	20221202	4.6643	12770712
2330 台積電	20221205	4.6311	12679956
2330 台積電	20221206	4.5270	12394722
2330 台積電	20221207	4.4986	12316931
2330 台積電	20221208	4.4654	12226174
2330 台積電	20221209	4.5601	12485478
2330 台積電	20221212	4.4986	12316931
2330 台積電	20221213	4.4654	12226174
2330 台積電	20221214	4.5506	12459548
2330 台積電	20221215	4.5506	12459548
2330 台積電	20221216	4.4607	12213209
2330 台積電	20221219	4.4181	12096522
2330 台積電	20221220	4.3328	11863149
2330 台積電	20221221	4.3470	11902045
2330 台積電	20221222	4.4323	12135418
2330 台積電	20221223	4.3091	11798323
2330 台積電	20221226	4.3233	11837219
2330 台積電	20221227	4.3281	11850184
2330 台積電	20221228	4.2713	11694602
2330 台積電	20221229	4.2239	11564950
2330 台積電	20221230	4.2476	11629776
2330 台積電	20230103	4.2902	11746462
2330 台積電	20230104	4.2571	11655706
2330 台積電	20230105	4.3423	11889079
2330 台積電	20230106	4.3423	11889079
2330 台積電	20230109	4.5554	12472513
2330 台積電	20230110	4.6027	12602165
2330 台積電	20230111	4.5885	12563269
2330 台積電	20230112	4.6075	12615130
2330 台積電	20230113	4.7353	12965190
2330 台積電	20230116	4.7827	13094842
2330 台積電	20230117	4.7637	13042981
2330 台積電	20230130	5.1426	14080197
2330 台積電	20230131	4.9437	13535659
2330 台積電	20230201	5.0194	13743102
2330 台積電	20230202	5.1141	14002405
2330 台積電	20230203	5.1331	14054266
2330 台積電	20230206	4.9816	13639380
2330 台積電	20230207	4.9531	13561589
2330 台積電	20230208	5.1141	14002405
2330 台積電	20230209	5.1141	14002405
2330 台積電	20230210	5.1615	14132057
2330 台積電	20230213	5.1236	14028336
2330 台積電	20230214	5.1615	14132057
2330 台積電	20230215	4.9721	13613450
2330 台積電	20230216	5.0005	13691241
2330 台積電	20230217	4.9058	13431937
2330 台積電	20230220	4.8963	13406007
2330 台積電	20230221	4.8869	13380076
2330 台積電	20230222	4.8016	13146703
2330 台積電	20230223	4.9058	13431937
2330 台積電	20230224	4.8395	13250424
2330 台積電	20230301	4.9441	13536760
2330 台積電	20230302	4.9157	13458963
2330 台積電	20230303	4.8873	13381165
2330 台積電	20230306	4.9346	13510828
2330 台積電	20230307	4.9630	13588625
2330 台積電	20230308	4.9346	13510828
2330 台積電	20230309	4.9441	13536760
2330 台積電	20230310	4.8588	13303368
2330 台積電	20230313	4.8873	13381165
2330 台積電	20230314	4.8304	13225570
2330 台積電	20230315	4.8399	13251503
2330 台積電	20230316	4.7831	13095908
2330 台積電	20230317	4.9062	13433030
2330 台積電	20230320	4.8494	13277435
2330 台積電	20230321	4.8967	13407098
2330 台積電	20230322	5.0483	13822017
2330 台積電	20230323	5.0956	13951680
2330 台積電	20230324	5.1051	13977612
2330 台積電	20230327	5.0293	13770152
2330 台積電	20230328	4.9725	13614557
2330 台積電	20230329	5.0198	13744220
2330 台積電	20230330	5.0672	13873882
2330 台積電	20230331	5.0483	13822017
2330 台積電	20230406	5.0198	13744220
2330 台積電	20230407	5.0293	13770152
2330 台積電	20230410	5.0104	13718287
2330 台積電	20230411	4.9630	13588625
2330 台積電	20230412	4.9251	13484895
2330 台積電	20230413	4.8304	13225570
2330 台積電	20230414	4.8873	13381165
2330 台積電	20230417	4.9251	13484895
2330 台積電	20230418	4.8778	13355233
2330 台積電	20230419	4.8304	13225570
2330 台積電	20230420	4.8588	13303368
2330 台積電	20230421	4.8399	13251503
2330 台積電	20230424	4.8020	13147773
2330 台積電	20230425	4.7168	12914380
2330 台積電	20230426	4.6552	12745819
2330 台積電	20230427	4.6741	12797684
2330 台積電	20230428	4.7547	13018110
2330 台積電	20230502	4.7452	12992178
2330 台積電	20230503	4.6978	12862515
2330 台積電	20230504	4.7168	12914380
2330 台積電	20230505	4.7357	12966245
2330 台積電	20230508	4.7736	13069975
2330 台積電	20230509	4.8304	13225356
2330 台積電	20230510	4.7640	13043832
2330 台積電	20230511	4.7262	12940103
2330 台積電	20230512	4.6977	12862307
2330 台積電	20230515	4.6930	12849341
2330 台積電	20230516	4.7830	13095696
2330 台積電	20230517	4.9156	13458745
2330 台積電	20230518	5.0198	13743998
2330 台積電	20230519	5.0387	13795862
2330 台積電	20230522	5.0292	13769930
2330 台積電	20230523	5.0198	13743998
2330 台積電	20230524	4.9724	13614337
2330 台積電	20230525	5.1429	14081115
2330 台積電	20230526	5.3607	14677552
2330 台積電	20230529	5.3797	14729416
2330 台積電	20230530	5.3607	14677552
2330 台積電	20230531	5.2850	14470096
2330 台積電	20230601	4.6418	14288571
2330 台積電	20230602	4.7345	14573824
2330 台積電	20230605	4.6755	14392299
2330 台積電	20230606	4.7176	14521960
2330 台積電	20230607	4.7850	14729416
2330 台積電	20230608	4.7092	14496028
2330 台積電	20230609	4.7597	14651620
2330 台積電	20230612	4.8356	14885009
2330 台積電	20230613	4.9956	15377718
2330 台積電	20230614	4.9704	15299922
2330 台積電	20230615	4.9788	15325854
2330 台積電	20230616	4.9619	15273990
2330 台積電	20230619	4.9114	15118397
2330 台積電	20230620	4.9114	15118397
2330 台積電	20230621	4.8945	15066533
2330 台積電	20230626	4.8356	14885009
2330 台積電	20230627	4.8187	14833145
2330 台積電	20230628	4.8356	14885009
2330 台積電	20230629	4.8271	14859077
2330 台積電	20230630	4.8524	14936873
2330 台積電	20230703	4.8777	15014669
2330 台積電	20230704	4.9282	15170262
2330 台積電	20230705	4.9030	15092465
2330 台積電	20230706	4.7597	14651620
2330 台積電	20230707	4.7597	14651620
2330 台積電	20230710	4.7597	14651620
2330 台積電	20230711	4.8608	14962805
2330 台積電	20230712	4.8693	14988737
2330 台積電	20230713	4.9282	15170262
2330 台積電	20230714	4.9788	15325854
2330 台積電	20230717	4.9788	15325854
2330 台積電	20230718	4.8945	15066533
2330 台積電	20230719	4.8945	15066533
2330 台積電	20230720	4.8777	15014669
2330 台積電	20230721	4.7176	14521960
2330 台積電	20230724	4.7008	14470096
2330 台積電	20230725	4.7934	14755348
2330 台積電	20230726	4.7682	14677552
2330 台積電	20230727	4.7934	14755348
2330 台積電	20230728	4.7766	14703484
2330 台積電	20230731	4.7597	14651620
2330 台積電	20230801	4.7766	14703484
2330 台積電	20230802	4.7261	14547892
2330 台積電	20230804	4.6671	14366367
2330 台積電	20230807	4.7008	14470096
2330 台積電	20230808	4.6502	14314503
2330 台積電	20230809	4.6671	14366367
2330 台積電	20230810	4.6418	14288571
2330 台積電	20230811	4.5997	14158911
2330 台積電	20230814	4.5576	14029250
2330 台積電	20230815	4.5660	14055182
2330 台積電	20230816	4.5660	14055182
2330 台積電	20230817	4.5828	14107047
2330 台積電	20230818	4.5407	13977386
2330 台積電	20230821	4.5239	13925522
2330 台積電	20230822	4.5576	14029250
2330 台積電	20230823	4.6502	14314503
2330 台積電	20230824	4.7513	14625688
2330 台積電	20230825	4.5997	14158911
2330 台積電	20230828	4.6250	14236707
2330 台積電	20230829	4.6502	14314503
2330 台積電	20230830	4.6755	14392299
2330 台積電	20230831	4.6250	14236707
2330 台積電	20230901	4.6165	14210775
2330 台積電	20230904	4.6924	14444164
2330 台積電	20230905	4.6502	14314503
2330 台積電	20230906	4.6334	14262639
2330 台積電	20230907	4.5660	14055182
2330 台積電	20230908	4.5407	13977386
2330 台積電	20230911	4.5154	13899590
2330 台積電	20230912	4.5828	14107047
2330 台積電	20230913	4.5576	14029250
2330 台積電	20230914	4.6334	14262639
2330 台積電	20230915	4.7008	14470096
2330 台積電	20230918	4.5491	14003318
2330 台積電	20230919	4.5323	13951454
2330 台積電	20230920	4.5070	13873658
2330 台積電	20230921	4.4396	13666201
2330 台積電	20230922	4.3975	13536541
2330 台積電	20230925	4.4228	13614337
2330 台積電	20230926	4.3722	13458745
2330 台積電	20230927	4.3975	13536541
2330 台積電	20230928	4.4059	13562473
2330 台積電	20231002	4.3345	13821794
2330 台積電	20231003	4.3020	13718066
2330 台積電	20231004	4.2288	13484677
2330 台積電	20231005	4.2939	13692133
2330 台積電	20231006	4.3264	13795862
2330 台積電	20231011	4.4240	14107047
2330 台積電	20231012	4.4728	14262639
2330 台積電	20231013	4.4972	14340435
2330 台積電	20231016	4.4321	14132979
2330 台積電	20231017	4.4809	14288571
2330 台積電	20231018	4.3915	14003318
2330 台積電	20231019	4.4403	14158911
2330 台積電	20231020	4.5216	14418231
2330 台積電	20231023	4.4240	14107047
2330 台積電	20231024	4.4240	14107047
2330 台積電	20231025	4.4240	14107047
2330 台積電	20231026	4.3183	13769930
2330 台積電	20231027	4.3345	13821794
2330 台積電	20231030	4.3264	13795862
2330 台積電	20231031	4.3020	13718066
2330 台積電	20231101	4.2939	13692133
2330 台積電	20231102	4.4484	14184843
2330 台積電	20231103	4.4647	14236707
2330 台積電	20231106	4.4728	14262639
2330 台積電	20231107	4.5135	14392299
2330 台積電	20231108	4.5216	14418231
2330 台積電	20231109	4.5297	14444164
2330 台積電	20231110	4.5297	14444164
2330 台積電	20231113	4.6436	14807213
2330 台積電	20231114	4.6517	14833145
2330 台積電	20231115	4.7249	15066533
2330 台積電	20231116	4.7412	15118397
2330 台積電	20231117	4.7168	15040601
2330 台積電	20231120	4.6924	14962805
2330 台積電	20231121	4.7574	15170262
2330 台積電	20231122	4.6924	14962805
2330 台積電	20231123	4.7005	14988737
2330 台積電	20231124	4.6761	14910941
2330 台積電	20231127	4.6192	14729416
2330 台積電	20231128	4.6761	14910941
2330 台積電	20231129	4.6680	14885009
2330 台積電	20231130	4.6924	14962805
2330 台積電	20231201	4.4842	15014669
2330 台積電	20231204	4.4455	14885009
2330 台積電	20231205	4.4145	14781280
2330 台積電	20231206	4.4145	14781280
2330 台積電	20231207	4.3835	14677552
2330 台積電	20231208	4.4145	14781280
2330 台積電	20231211	4.4455	14885009
2330 台積電	20231212	4.4765	14988737
2330 台積電	20231213	4.4687	14962805
2330 台積電	20231214	4.5074	15092465
2330 台積電	20231215	4.5307	15170262
2330 台積電	20231218	4.5307	15170262
2330 台積電	20231219	4.5307	15170262
2330 台積電	20231220	4.5307	15170262
2330 台積電	20231221	4.4687	14962805
2330 台積電	20231222	4.5074	15092465
2330 台積電	20231225	4.4997	15066533
2330 台積電	20231226	4.5384	15196194
2330 台積電	20231227	4.5849	15351786
2330 台積電	20231228	4.5926	15377718
2330 台積電	20231229	4.5926	15377718
2330 台積電	20240102	4.5926	15377718
2330 台積電	20240103	4.4765	14988737
2330 台積電	20240104	4.4919	15040601
2330 台積電	20240105	4.4610	14936873
2330 台積電	20240108	4.5152	15118397
2330 台積電	20240109	4.5384	15196194
2330 台積電	20240110	4.5229	15144329
2330 台積電	20240111	4.5384	15196194
2330 台積電	20240112	4.5229	15144329
2330 台積電	20240115	4.5384	15196194
2330 台積電	20240116	4.4919	15040601
2330 台積電	20240117	4.4997	15066533
2330 台積電	20240118	4.5539	15248058
2330 台積電	20240119	4.8482	16233476
2330 台積電	20240122	4.8482	16233476
2330 台積電	20240123	4.8637	16285341
2330 台積電	20240124	4.8559	16259409
2330 台積電	20240125	4.9721	16648390
2330 台積電	20240126	4.9876	16700254
2330 台積電	20240129	5.0186	16803982
2330 台積電	20240130	4.9721	16648390
2330 台積電	20240131	4.8637	16285341
2330 台積電	20240201	4.8637	16285341
2330 台積電	20240202	4.9179	16466865
2330 台積電	20240205	5.0031	16752118
2330 台積電	20240215	5.3981	18074653
2330 台積電	20240216	5.2897	17711604
2330 台積電	20240219	5.2509	17581944
2330 台積電	20240220	5.3206	17815333
2330 台積電	20240221	5.2742	17659740
2330 台積電	20240222	5.3594	17944993
2330 台積電	20240223	5.3981	18074653
2330 台積電	20240226	5.4058	18100586
2330 台積電	20240227	5.4058	18100586
2330 台積電	20240229	5.3439	17893129
2330 台積電	20240301	5.3367	17869236
2330 台積電	20240304	5.6156	18802897
2330 台積電	20240305	5.6543	18932573
2330 台積電	20240306	5.6930	19062248
2330 台積電	20240307	5.8867	19710624
2330 台積電	20240308	6.0726	20333064
2330 台積電	20240311	5.9331	19866234
2330 台積電	20240312	5.9641	19969974
2330 台積電	20240313	6.0338	20203389
2330 台積電	20240314	6.0726	20333064
2330 台積電	20240315	5.8324	19529078
2330 台積電	20240318	5.9177	19814364
2330 台積電	20240319	5.9022	19762494
2330 台積電	20240320	5.8712	19658753
2330 台積電	20240321	6.0726	20333064
2330 台積電	20240322	6.0803	20358999
2330 台積電	20240325	6.0416	20229324
2330 台積電	20240326	6.0571	20281194
2330 台積電	20240327	6.0338	20203389
2330 台積電	20240328	5.9564	19944039
2330 台積電	20240329	6.0338	20203389
2330 台積電	20240401	5.9641	19969974
2330 台積電	20240402	6.1190	20488674
2330 台積電	20240403	6.0416	20229324
2330 台積電	20240408	6.0648	20307129
2330 台積電	20240409	6.3437	21240790
2330 台積電	20240410	6.3127	21137050
2330 台積電	20240411	6.3514	21266725
2330 台積電	20240412	6.3359	21214855
2330 台積電	20240415	6.2430	20903635
2330 台積電	20240416	6.1035	20436804
2330 台積電	20240417	6.2275	20851765
2330 台積電	20240418	6.2275	20851765
2330 台積電	20240419	5.8092	19451273
2330 台積電	20240422	5.7472	19243793
2330 台積電	20240423	5.8402	19555013
2330 台積電	20240424	6.0648	20307129
2330 台積電	20240425	5.9331	19866234
2330 台積電	20240426	6.0571	20281194
2330 台積電	20240429	6.1578	20618350
2330 台積電	20240430	6.1190	20488674
2330 台積電	20240502	5.9796	20021844
2330 台積電	20240503	6.0416	20229324
2330 台積電	20240506	6.0881	20384934
2330 台積電	20240507	6.1965	20748025
2330 台積電	20240508	6.2120	20799895
2330 台積電	20240509	6.1655	20644285
2330 台積電	20240510	6.2120	20799895
2330 台積電	20240513	6.3437	21240790
2330 台積電	20240514	6.3901	21396401
2330 台積電	20240515	6.4986	21759491
2330 台積電	20240516	6.5141	21811361
2330 台積電	20240517	6.4676	21655751
2330 台積電	20240520	6.4676	21655751
2330 台積電	20240521	6.5141	21811361
2330 台積電	20240522	6.6922	22407867
2330 台積電	20240523	6.7774	22693152
2330 台積電	20240524	6.7154	22485672
2330 台積電	20240527	6.7309	22537542
2330 台積電	20240528	6.7000	22433802
2330 台積電	20240529	6.6380	22226322
2330 台積電	20240530	6.4908	21733556
2330 台積電	20240531	6.3592	21292660
2330 台積電	20240603	6.0348	21941036
2330 台積電	20240604	5.9849	21759491
2330 台積電	20240605	6.0919	22147319
2330 台積電	20240606	6.3769	23184665
2330 台積電	20240607	6.2699	22795660
2330 台積電	20240611	6.2984	22899395
2330 台積電	20240612	6.4839	23573669
2330 台積電	20240613	6.5552	23833005
2330 台積電	20240614	6.5766	23910806
2330 台積電	20240617	6.5695	23884873
2330 台積電	20240618	6.7264	24455412
2330 台積電	20240619	6.9975	25440890
2330 台積電	20240620	6.9975	25440890
2330 台積電	20240621	6.9190	25155620
2330 台積電	20240624	6.7050	24377611
2330 台積電	20240625	6.7407	24507280
2330 台積電	20240626	6.8477	24896284
2330 台積電	20240627	6.8477	24896284
2330 台積電	20240628	6.8905	25051886
2330 台積電	20240701	6.9047	25103753
2330 台積電	20240702	6.8477	24896284
2330 台積電	20240703	6.9832	25389023
2330 台積電	20240704	7.1687	26063297
2330 台積電	20240705	7.1687	26063297
2330 台積電	20240708	7.3826	26841306
2330 台積電	20240709	7.4183	26970974
2330 台積電	20240710	7.4540	27100643
2330 台積電	20240711	7.7036	28008320
2330 台積電	20240712	7.4183	26970974
2330 台積電	20240715	7.4183	26970974
2330 台積電	20240716	7.5253	27359979
2330 台積電	20240717	7.3470	26711638
2330 台積電	20240718	7.1687	26063297
2330 台積電	20240719	6.9190	25155620
2330 台積電	20240722	6.6979	24351678
2330 台積電	20240723	6.9832	25389023
2330 台積電	20240726	6.5909	23962673
2330 台積電	20240729	6.7335	24481346
2330 台積電	20240730	6.7050	24377611
2330 台積電	20240731	6.6622	24222010
2330 台積電	20240801	6.8477	24896284
2330 台積電	20240802	6.4411	23418067
2330 台積電	20240805	5.8134	21135908
2330 台積電	20240806	6.2770	22821594
2330 台積電	20240807	6.5623	23858939
2330 台積電	20240808	6.3912	23236532
2330 台積電	20240809	6.6622	24222010
2330 台積電	20240812	6.7050	24377611
2330 台積電	20240813	6.7121	24403545
2330 台積電	20240814	6.7621	24585081
2330 台積電	20240815	6.7264	24455412
2330 台積電	20240816	6.9119	25129687
2330 台積電	20240819	6.9404	25233421
2330 台積電	20240820	6.9404	25233421
2330 台積電	20240821	6.8334	24844417
2330 台積電	20240822	6.7835	24662881
2330 台積電	20240823	6.7692	24611014
2330 台積電	20240826	6.7763	24636948
2330 台積電	20240827	6.7193	24429479
2330 台積電	20240828	6.8762	25000019
2330 台積電	20240829	6.7264	24455412
2330 台積電	20240830	6.7335	24481346
2330 台積電	20240902	6.7618	24584231
2330 台積電	20240903	6.7048	24376769
2330 台積電	20240904	6.3410	23054200
2330 台積電	20240905	6.4337	23391325
2330 台積電	20240906	6.5479	23806249
2330 台積電	20240909	6.4123	23313527
2330 台積電	20240910	6.4480	23443191
2330 台積電	20240911	6.4266	23365393
2330 台積電	20240912	6.7048	24376769
2330 台積電	20240913	6.7547	24558298
2330 台積電	20240916	6.7547	24558298
2330 台積電	20240918	6.7119	24402702
2330 台積電	20240919	6.8474	24895424
2330 台積電	20240920	6.9402	25232549
2330 台積電	20240923	6.9687	25336280
2330 台積電	20240924	7.0400	25595608
2330 台積電	20240925	7.1684	26062397
2330 台積電	20240926	7.2397	26321724
2330 台積電	20240927	7.1327	25932733
2330 台積電	20240930	6.8260	24817626
2330 台積電	20241001	6.6484	25206617
2330 台積電	20241004	6.6826	25336280
2330 台積電	20241007	6.8741	26062397
2330 台積電	20241008	6.9083	26192061
2330 台積電	20241009	6.9767	26451388
2330 台積電	20241011	7.1477	27099706
2330 台積電	20241014	7.1477	27099706
2330 台積電	20241015	7.3187	27748025
2330 台積電	20241016	7.1477	27099706
2330 台積電	20241017	7.0793	26840379
2330 台積電	20241018	7.4213	28137016
2330 台積電	20241021	7.4213	28137016
2330 台積電	20241022	7.3529	27877688
2330 台積電	20241023	7.2503	27488697
2330 台積電	20241024	7.2503	27488697
2330 台積電	20241025	7.2845	27618361
2330 台積電	20241028	7.1819	27229370
2330 台積電	20241029	7.1135	26970043
2330 台積電	20241030	7.0451	26710715
2330 台積電	20241101	7.0109	26581052
2330 台積電	20241104	7.1135	26970043
2330 台積電	20241105	7.1819	27229370
2330 台積電	20241106	7.2503	27488697
2330 台積電	20241107	7.2845	27618361
2330 台積電	20241108	7.4555	28266679
2330 台積電	20241111	7.4213	28137016
2330 台積電	20241112	7.1819	27229370
2330 台積電	20241113	7.0793	26840379
2330 台積電	20241114	7.0793	26840379
2330 台積電	20241115	7.0793	26840379
2330 台積電	20241118	7.0109	26581052
2330 台積電	20241119	7.1135	26970043
2330 台積電	20241120	7.0109	26581052
2330 台積電	20241121	6.9083	26192061
2330 台積電	20241122	7.1135	26970043
2330 台積電	20241125	7.0451	26710715
2330 台積電	20241126	6.9083	26192061
2330 台積電	20241127	6.8399	25932733
2330 台積電	20241128	6.8741	26062397
2330 台積電	20241129	6.8125	25829002
2330 台積電	20241202	6.7269	26840379
2330 台積電	20241203	6.8569	27359034
2330 台積電	20241204	6.9544	27748025
2330 台積電	20241205	6.9869	27877688
2330 台積電	20241206	6.9219	27618361
2330 台積電	20241209	6.9869	27877688
2330 台積電	20241210	6.9219	27618361
2330 台積電	20241211	6.7919	27099706
2330 台積電	20241212	6.8894	27488697
2330 台積電	20241213	6.9219	27618361
2330 台積電	20241216	7.0518	28137016
2330 台積電	20241217	6.9869	27877688
2330 台積電	20241218	7.0518	28137016
2330 台積電	20241219	6.9544	27748025
2330 台積電	20241220	6.7269	26840379
2330 台積電	20241223	7.0194	28007352
2330 台積電	20241224	7.0194	28007352
2330 台積電	20241225	7.0518	28137016
2330 台積電	20241226	7.0518	28137016
2330 台積電	20241227	7.0843	28266679
2330 台積電	20241230	7.0843	28266679
2330 台積電	20241231	6.9869	27877688
2330 台積電	20250102	6.9219	27618361
2330 台積電	20250103	6.9869	27877688
2330 台積電	20250106	7.3118	29174325
2330 台積電	20250107	7.3443	29303989
2330 台積電	20250108	7.1818	28655670
2330 台積電	20250109	7.1493	28526007
2330 台積電	20250110	7.1493	28526007
2330 台積電	20250113	6.9869	27877688
2330 台積電	20250114	7.0843	28266679
2330 台積電	20250115	6.9219	27618361
2330 台積電	20250116	7.1818	28655670
2330 台積電	20250117	7.2793	29044661
2330 台積電	20250120	7.2793	29044661
2330 台積電	20250121	7.2793	29044661
2330 台積電	20250122	7.3768	29433652
2330 台積電	20250203	6.9544	27748025
2330 台積電	20250204	7.1168	28396343
2330 台積電	20250205	7.2143	28785334
2330 台積電	20250206	7.2468	28914998
2330 台積電	20250207	7.3118	29174325
2330 台積電	20250210	7.1818	28655670
2330 台積電	20250211	7.2143	28785334
2330 台積電	20250212	7.1493	28526007
2330 台積電	20250213	7.0843	28266679
2330 台積電	20250214	6.8894	27488697
2330 台積電	20250217	7.0518	28137016
2330 台積電	20250218	7.1493	28526007
2330 台積電	20250219	7.0843	28266679
2330 台積電	20250220	7.0194	28007352
2330 台積電	20250221	7.1168	28396343
2330 台積電	20250224	6.9869	27877688
2330 台積電	20250225	6.8569	27359034
2330 台積電	20250226	6.8894	27488697
2330 台積電	20250227	6.7594	26970043
2330 台積電	20250303	6.6294	26451388
2330 台積電	20250304	6.4994	25932733
2330 台積電	20250305	6.6294	26451388
2330 台積電	20250306	6.5319	26062397
2330 台積電	20250307	6.5319	26062397
2330 台積電	20250310	6.4864	25880868
2330 台積電	20250311	6.3109	25180684
2330 台積電	20250312	6.4214	25621540
2330 台積電	20250313	6.2719	25025088
2330 台積電	20250314	6.2329	24869491
2330 台積電	20250317	6.3044	25154751
2330 台積電	20250318	6.3109	25180684
2330 台積電	20250319	6.1874	24687962
2330 台積電	20250320	6.4019	25543742
2330 台積電	20250321	6.3174	25206617
2330 台積電	20250324	6.3174	25206617
2330 台積電	20250325	6.4344	25673406
2330 台積電	20250326	6.3694	25414079
2330 台積電	20250327	6.2264	24843558
2330 台積電	20250328	6.1874	24687962
2330 台積電	20250331	5.9145	23598787
2330 台積電	20250401	6.1354	24480500
2330 台積電	20250402	6.1224	24428635
2330 台積電	20250407	5.5115	21990958
2330 台積電	20250408	5.3035	21161110
2330 台積電	20250409	5.1020	20357196
2330 台積電	20250410	5.6090	22379949
2330 台積電	20250411	5.7780	23054200
2330 台積電	20250414	5.6220	22431814
2330 台積電	20250415	5.7000	22743007
2330 台積電	20250416	5.5570	22172487
2330 台積電	20250417	5.5050	21965025
2330 台積電	20250418	5.5245	22042823
2330 台積電	20250421	5.4270	21653832
2330 台積電	20250422	5.3035	21161110
2330 台積電	20250423	5.6740	22639276
2330 台積電	20250424	5.6155	22405882
2330 台積電	20250425	5.7715	23028267
2330 台積電	20250428	5.8300	23261662
2330 台積電	20250429	5.8625	23391325
2330 台積電	20250430	5.9015	23546922
2330 台積電	20250502	6.1744	24636097
2330 台積電	20250505	6.0964	24324904
2330 台積電	20250506	5.9794	23858115
2330 台積電	20250507	6.0314	24065576
2330 台積電	20250508	5.9664	23806249
2330 台積電	20250509	6.1679	24610164
2330 台積電	20250512	6.2199	24817626
2330 台積電	20250513	6.2979	25128704
2330 台積電	20250514	6.4929	25906683
2330 台積電	20250515	6.4539	25751087
2330 台積電	20250516	6.4864	25880750
2330 台積電	20250519	6.3954	25517694
2330 台積電	20250520	6.3564	25362098
2330 台積電	20250521	6.4344	25673289
2330 台積電	20250522	6.3824	25465828
2330 台積電	20250523	6.3954	25517694
2330 台積電	20250526	6.3434	25310233
2330 台積電	20250527	6.2719	25024974
2330 台積電	20250528	6.2849	25076839
2330 台積電	20250529	6.2849	25076839
2330 台積電	20250602	5.3750	24532254
2330 台積電	20250603	5.3977	24635985
2330 台積電	20250604	5.6250	25673289
2330 台積電	20250605	5.6704	25880750
2330 台積電	20250606	5.6534	25802952
2330 台積電	20250609	5.7102	26062279
2330 台積電	20250610	5.9375	27099583
2330 台積電	20250611	6.0511	27618236
2330 台積電	20250612	5.9375	27099583
2330 台積電	20250613	5.8522	26710594
2330 台積電	20250616	5.8238	26580931
2330 台積電	20250617	5.9375	27099583
2330 台積電	20250618	5.9943	27358909
2330 台積電	20250619	5.8807	26840257
2330 台積電	20250620	5.9943	27358909
2330 台積電	20250623	5.7954	26451268
2330 台積電	20250624	5.9659	27229246
2330 台積電	20250625	6.0795	27747899
2330 台積電	20250626	6.1079	27877562
2330 台積電	20250627	6.1363	28007225
2330 台積電	20250630	6.0227	27488572
2330 台積電	20250701	6.1647	28136888
2330 台積電	20250702	6.1647	28136888
2330 台積電	20250703	6.1932	28266551
2330 台積電	20250704	6.1647	28136888
2330 台積電	20250707	6.1363	28007225
2330 台積電	20250708	6.1363	28007225
2330 台積電	20250709	6.1932	28266551
2330 台積電	20250710	6.2500	28525877
2330 台積電	20250711	6.2500	28525877
2330 台積電	20250714	6.2216	28396214
2330 台積電	20250715	6.3068	28785203
2330 台積電	20250716	6.4204	29303856
2330 台積電	20250717	6.4204	29303856
2330 台積電	20250718	6.5625	29952171
2330 台積電	20250721	6.5341	29822508
2330 台積電	20250722	6.4204	29303856
2330 台積電	20250723	6.5057	29692845
2330 台積電	20250724	6.5057	29692845
2330 台積電	20250725	6.5057	29692845
2330 台積電	20250728	6.5057	29692845
2330 台積電	20250729	6.4488	29433519
2330 台積電	20250730	6.5625	29952171
2330 台積電	20250731	6.5909	30081834
2330 台積電	20250801	6.4772	29563182
2330 台積電	20250804	6.4488	29433519
2330 台積電	20250805	6.5341	29822508
2330 台積電	20250806	6.3920	29174192
2330 台積電	20250807	6.7045	30600486
2330 台積電	20250808	6.6761	30470823
2330 台積電	20250811	6.7045	30600486
2330 台積電	20250812	6.7045	30600486
2330 台積電	20250813	6.8181	31119139
2330 台積電	20250814	6.6761	30470823
2330 台積電	20250815	6.7045	30600486
2330 台積電	20250818	6.7045	30600486
2330 台積電	20250819	6.7329	30730149
2330 台積電	20250820	6.4488	29433519
2330 台積電	20250821	6.5341	29822508
2330 台積電	20250822	6.4488	29433519
2330 台積電	20250825	6.6477	30341160
2330 台積電	20250826	6.6761	30470823
2330 台積電	20250827	6.7613	30859812
2330 台積電	20250828	6.5909	30081834
2330 台積電	20250829	6.5909	30081834
2330 台積電	20250901	6.6193	30211497
2330 台積電	20250902	6.5909	30081834
2330 台積電	20250903	6.5909	30081834
2330 台積電	20250904	6.5909	30081834
2330 台積電	20250905	6.7045	30600486
2330 台積電	20250908	6.7045	30600486
2330 台積電	20250909	6.8181	31119139
2330 台積電	20250910	6.9602	31767454
2330 台積電	20250911	7.0454	32156443
2330 台積電	20250912	7.1591	32675096
2330 台積電	20250915	7.1306	32545432
2330 台積電	20250916	7.2727	33193748
2330 台積電	20250917	7.1875	32804759
2330 台積電	20250918	7.3011	33323411
2330 台積電	20250919	7.1875	32804759
2330 台積電	20250922	7.3579	33582737
2330 台積電	20250923	7.6136	34749705
2330 台積電	20250924	7.6136	34749705
2330 台積電	20250925	7.5000	34231052
2330 台積電	20250926	7.3863	33712400
2330 台積電	20250930	7.4147	33842063
2330 台積電	20251001	7.5006	34360716
2330 台積電	20251002	7.7270	35398020
2330 台積電	20251003	7.9251	36305662
2330 台積電	20251007	8.1233	37213303
2330 台積電	20251008	8.0101	36694651
2330 台積電	20251009	8.1516	37342966
2330 台積電	20251013	8.0101	36694651
2330 台積電	20251014	8.0667	36953977
2330 台積電	20251015	8.2931	37991282
2330 台積電	20251016	8.4063	38509934
2330 台積電	20251017	8.2082	37602293
2330 台積電	20251020	8.3780	38380271
2330 台積電	20251021	8.3780	38380271
2330 台積電	20251022	8.2648	37861619
2330 台積電	20251023	8.2082	37602293
2330 台積電	20251027	8.3780	38380271
2330 台積電	20251028	8.3497	38250608
2330 台積電	20251029	8.5195	39028586
2330 台積電	20251030	8.5195	39028586
2330 台積電	20251031	8.4912	38898923
2330 台積電	20251103	8.5478	39158249
2330 台積電	20251104	8.5195	39028586
2330 台積電	20251105	8.2648	37861619
2330 台積電	20251106	8.2931	37991282
2330 台積電	20251107	8.2648	37861619
2330 台積電	20251110	8.3497	38250608
2330 台積電	20251111	8.2931	37991148
2330 台積電	20251112	8.3497	38250474
2330 台積電	20251113	8.2648	37861486
2330 台積電	20251114	8.0949	37083510
2330 台積電	20251117	8.1798	37472498
2330 台積電	20251118	7.9534	36435197
2330 台積電	20251119	7.8968	36175872
2330 台積電	20251120	8.2365	37731823
2330 台積電	20251121	7.8402	35916546
2330 台積電	20251124	7.7836	35657221
2330 台積電	20251125	8.0100	36694522
2330 台積電	20251126	8.1515	37342835
2330 台積電	20251127	8.1232	37213173
2330 台積電	20251128	8.1515	37342835
2330 台積電	20251201	7.3154	36564860
2330 台積電	20251202	7.4192	37083510
2330 台積電	20251203	7.5230	37602161
2330 台積電	20251204	7.4970	37472498
2330 台積電	20251205	7.5749	37861486
2330 台積電	20251208	7.7565	38769124
2330 台積電	20251209	7.6786	38380136
2330 台積電	20251210	7.8083	39028449
2330 台積電	20251211	7.6267	38120811
2330 台積電	20251212	7.6786	38380136
2330 台積電	20251215	7.5230	37602161
2330 台積電	20251216	7.4452	37213173
2330 台積電	20251217	7.4192	37083510
2330 台積電	20251218	7.4192	37083510
2330 台積電	20251219	7.4192	37083510
2330 台積電	20251222	7.6008	37991148
2330 台積電	20251223	7.7305	38639462
2330 台積電	20251224	7.7565	38769124
2330 台積電	20251226	7.8343	39158112
2330 台積電	20251229	7.9380	39676763
2330 台積電	20251230	7.8862	39417437
2330 台積電	20251231	8.0418	40195413
2330 台積電	20260102	8.2234	41103051
2330 台積電	20260105	8.6644	43307316
2330 台積電	20260106	8.8460	44214954
2330 台積電	20260107	8.6903	43436979
2330 台積電	20260108	8.7422	43696304
2330 台積電	20260109	8.7163	43566641
2330 台積電	20260112	8.7682	43825966
2330 台積電	20260113	8.8719	44344617
2330 台積電	20260114	8.8719	44344617
2330 台積電	20260115	8.7682	43825966
2330 台積電	20260116	9.0276	45122593
2330 台積電	20260119	9.1313	45641243
2330 台積電	20260120	9.2092	46030231
2330 台積電	20260121	9.0276	45122593
2330 台積電	20260122	9.1313	45641243
2330 台積電	20260123	9.1832	45900568
2330 台積電	20260126	9.1054	45511581
2330 台積電	20260127	9.2351	46159894
2330 台積電	20260128	9.4426	47197195
2330 台積電	20260129	9.3648	46808207
2330 台積電	20260130	9.2092	46030231
2330 台積電	20260202	9.1573	45770906
2330 台積電	20260203	9.3389	46678544
2330 台積電	20260204	9.2610	46289556
2330 台積電	20260205	9.1573	45770906
2330 台積電	20260206	9.2351	46159894
2330 台積電	20260209	9.4167	47067532
2330 台積電	20260210	9.7539	48753146
2330 台積電	20260211	9.9355	49660784
2330 台積電	20260223	9.8577	49271797
2330 台積電	20260224	10.1949	50957411
2330 台積電	20260225	10.4543	52254037
2330 台積電	20260226	10.3506	51735386
2330 台積電	20260302	10.2468	51216736
2330 台積電	20260303	10.0393	50179435
2330 台積電	20260304	9.6761	48364158
2330 台積電	20260305	9.8577	49271797
2330 台積電	20260306	9.8058	49012471
2330 台積電	20260309	9.3908	46937869
2330 台積電	20260310	9.5983	47975170
2330 台積電	20260311	10.0652	50309098
2330 台積電	20260312	9.7799	48882809
2330 台積電	20260313	9.6761	48364158
2330 台積電	20260316	9.5723	47845508
2330 台積電	20260317	9.7020	48493821
2330 台積電	20260318	9.8836	49401459
2330 台積電	20260319	9.5983	47975170
2330 台積電	20260320	9.5464	47715845
2330 台積電	20260323	9.3908	46937869
2330 台積電	20260324	9.3908	46937869
2330 台積電	20260325	9.5723	47845508
2330 台積電	20260326	9.5464	47715845
2330 台積電	20260327	9.4426	47197195
2330 台積電	20260330	9.2351	46159894
2330 台積電	20260331	9.1313	45641243
2330 台積電	20260401	9.6242	48104833
2330 台積電	20260402	9.3908	46937869
2330 台積電	20260407	9.6502	48234496
2330 台積電	20260408	10.1171	50568423
2330 台積電	20260409	10.1431	50698085
2330 台積電	20260410	10.3765	51865049
2330 台積電	20260413	10.3246	51605724
2330 台積電	20260414	10.6619	53291338
2330 台積電	20260415	10.7916	53939651
2330 台積電	20260416	10.8175	54069314
2330 台積電	20260417	10.5322	52643025
2330 台積電	20260420	10.5062	52513362
2330 台積電	20260421	10.6359	53161675
2330 台積電	20260422	10.6359	53161675
2330 台積電	20260423	10.7916	53939651
2330 台積電	20260424	11.3364	56662566
2330 台積電	20260427	11.7514	58737168
2330 台積電	20260428	11.4920	57440542
2330 台積電	20260429	11.3104	56532903
2330 台積電	20260430	11.0769	55365940
2330 台積電	20260504	11.8033	58996493
2330 台積電	20260505	11.6736	58348180
2330 台積電	20260506	11.6736	58348180
2330 台積電	20260507	11.9849	59904132
2330 台積電	20260508	11.8811	59385481
2330 台積電	20260511	11.5958	57959192
2330 台積電	20260512	11.6995	58477495
2330 台積電	20260513	11.5179	57569862
2330 台積電	20260514	11.7773	58866480
2330 台積電	20260515	11.7513	58736818
2330 台積電	20260518	11.6216	58088509
2330 台積電	20260519	11.4400	57180876
2330 台積電	20260520	11.3363	56662229
2330 台積電	20260521	11.5698	57829185
2330 台積電	20260522	11.6995	58477495
2330 台積電	20260525	11.9848	59903775
2330 台積電	20260526	11.7773	58866480
2330 台積電	20260527	11.9329	59644451
2330 台積電	20260528	11.9070	59514789
2330 台積電	20260529	12.2183	61070732
2330 台積電	20260601	10.3669	61070732
2330 台積電	20260602	10.4769	61719041
2330 台積電	20260603	10.6750	62885997
2330 台積電	20260604	10.4989	61848703
2330 台積電	20260605	10.4109	61330055
2330 台積電	20260608	10.1027	59514789
2330 台積電	20260609	10.1468	59774113
2330 台積電	20260610	9.9266	58477495
2330 台積電	20260611	9.9046	58347833
2330 台積電	20260612	10.1688	59903775
2330 台積電	20260615	10.4549	61589379
2330 台積電	20260616	10.5649	62237688
2330 台積電	20260617	10.4989	61848703
2330 台積電	20260618	10.6090	62497012
2330 台積電	20260622	11.0492	65090249
2330 台積電	20260623	10.9611	64571601
2330 台積電	20260624	10.5209	61978364
2330 台積電	20260625	10.5209	61978364
2330 台積電	20260626	10.3008	60681746
2330 台積電	20260629	10.4329	61459717
2330 台積電	20260630	10.6090	62497012
2330 台積電	20260701	11.0272	64960587
2330 台積電	20260702	10.8511	63923292
2330 台積電	20260703	10.7630	63404645
2330 台積電	20260706	10.8291	63793630
2330 台積電	20260707	10.7410	63274983
2330 台積電	20260708	10.8511	63923292
2330 台積電	20260709	10.6310	62626674
2330 台積電	20260713	10.7410	63274983
2330 台積電	20260714	10.6530	62756336
2330 台積電	20260715	10.7410	63274983
2330 台積電	20260716	10.8731	64052954
2330 台積電	20260717	10.0807	59385127
2330 台積電	20260720	10.2128	60163099
2330 台積電	20260721	10.6090	62497012
2330 台積電	20260722	10.5649	62237688
2330 台積電	20260723	10.5870	62367350
2330 台積電	20260724	10.3448	60941070
2330 台積電	20260727	10.3448	60941070
2330 台積電	20260728	10.0367	59125804
2330 台積電	20260729	9.6845	57051214
2330 台積電	20260730	9.7065	57180876
2330 台積電	20260731	10.6750	62885997
2330 台積電	20260803	10.4329	61459717
2330 台積電	20260804	10.2128	60163099
2330 台積電	20260805	10.5870	62367350
2330 台積電	20260806	10.4109	61330055
2330 台積電	20260807	10.4329	61459717
2330 台積電	20260810	10.4769	61719041
2330 台積電	20260811	10.5429	62108026
2330 台積電	20260812	10.6310	62626674
2330 台積電	20260813	10.7190	63145321
2330 台積電	20260814	10.5429	62108026
2330 台積電	20260817	10.5649	62237688
2330 台積電	20260818	10.4769	61719041
2330 台積電	20260819	10.3448	60941070
2330 台積電	20260820	10.4549	61589379
2330 台積電	20260821	10.6090	62497012
2330 台積電	20260824	10.4549	61589379
2330 台積電	20260825	10.5649	62237688
2330 台積電	20260826	10.6310	62626674
2330 台積電	20260827	10.6090	62497012
2330 台積電	20260828	10.6530	62756336
2330 台積電	20260831	10.5870	62367350
2330 台積電	20260901	10.7410	63274983
2330 台積電	20260902	10.4989	61848703
2330 台積電	20260903	10.5209	61978364
2330 台積電	20260904	10.6090	62497012
2330 台積電	20260907	10.8291	63793630
2330 台積電	20260908	10.8731	64052954
2330 台積電	20260909	10.8511	63923292
2330 台積電	20260910	10.7851	63534307
2330 台積電	20260911	10.6090	62497012
2330 台積電	20260914	10.4769	61719041
2330 台積電	20260915	10.4989	61848703
2330 台積電	20260916	10.4769	61719041
2330 台積電	20260917	10.6750	62885997
2330 台積電	20260918	10.8291	63793630
2330 台積電	20260921	10.9171	64312278
2330 台積電	20260922	10.8291	63793630
2330 台積電	20260923	11.0052	64830925
2330 台積電	20260924	10.8951	64182616
2330 台積電	20260929	10.8951	64182616
2330 台積電	20260930	10.9171	64312278
2330 台積電	20261001	10.1189	65090249
2330 台積電	20261002	10.0786	64830925
2330 台積電	20261005	10.3810	66775853
