證券代碼	年月	季別	淨值成長率	當季季底P/E	當季季底P/B
2330 台積電	202103  	1	15.74	25.31	7.85
2330 台積電	202106  	2	15.85	25.18	7.75
2330 台積電	202109  	3	16.22	23.50	7.24
2330 台積電	202112  	4	17.30	23.77	7.35
2330 台積電	202203  	1	19.60	20.92	6.69
2330 台積電	202206  	2	25.90	14.27	4.94
2330 台積電	202209  	3	32.43	10.94	4.00
2330 台積電	202212  	4	36.38	10.16	3.95
2330 台積電	202303  	1	33.23	11.90	4.49
2330 台積電	202306  	2	27.68	13.57	4.68
2330 台積電	202309  	3	22.54	13.17	4.05
2330 台積電	202312  	4	17.66	15.80	4.45
2330 台積電	202403  	1	18.52	20.21	5.56
2330 台積電	202406  	2	19.18	22.87	6.61
2330 台積電	202409  	3	19.25	20.06	6.22
2330 台積電	202412  	4	24.12	19.71	6.50
2330 台積電	202503  	1	25.53	14.95	5.17
2330 台積電	202506  	2	20.85	15.69	6.00
2330 台積電	202509  	3	25.20	17.79	6.77
2330 台積電	202512  	4	26.30	19.61	7.42
2330 台積電	202603  	1	28.92	19.77	7.75
2330 台積電	202606  	2	40.24	23.81	9.72
